CMFILVWYAGTSNQDEHRKP
 -2.28 -1.83 -2.64 -2.34 -2.67 -1.80 -1.79 -1.00 -0.41  0.00  0.05  0.30  0.57  0.31  0.75  0.89 -0.44  0.59  1.21  0.09 
 -1.83 -2.30 -3.40 -2.86 -3.25 -2.16 -2.39 -1.75 -0.78 -0.23 -0.35  0.13  0.21 -0.14  0.59  0.27 -0.82  0.04  0.68 -0.29 
 -2.64 -3.40 -4.10 -3.68 -4.12 -3.13 -3.00 -2.50 -1.65 -0.97 -1.12 -0.86 -0.59 -0.94 -0.32 -0.40 -1.61 -0.82 -0.20 -1.09 
 -2.34 -2.86 -3.68 -3.38 -3.88 -2.89 -2.62 -2.09 -1.42 -0.62 -0.87 -0.36 -0.08 -0.51 -0.01 -0.11 -0.98 -0.47  0.15 -0.60 
 -2.67 -3.25 -4.12 -3.88 -4.21 -3.32 -2.98 -2.51 -1.75 -1.00 -1.18 -0.76 -0.58 -0.88 -0.24 -0.43 -1.38 -0.87 -0.21 -1.04 
 -1.80 -2.16 -3.13 -2.89 -3.32 -2.36 -2.02 -1.46 -0.88 -0.22 -0.30  0.11  0.33  0.09  0.68  0.49 -0.42  0.09  0.67 -0.16 
 -1.79 -2.39 -3.00 -2.62 -2.98 -2.02 -1.90 -1.50 -0.66 -0.26 -0.06  0.17  0.09  0.05  0.32  0.17 -0.82 -0.25  0.47 -0.57 
 -1.00 -1.75 -2.50 -2.09 -2.51 -1.46 -1.50 -1.01 -0.20  0.15  0.15  0.38  0.40  0.19  0.40  0.37 -0.36  0.00  0.56 -0.03 
 -0.41 -0.78 -1.65 -1.42 -1.75 -0.88 -0.66 -0.20  0.44  0.85  0.84  1.15  1.32  1.27  1.46  1.65  0.75  1.33  1.85  1.13 
  0.00 -0.23 -0.97 -0.62 -1.00 -0.22 -0.26  0.15  0.85  0.92  1.08  1.34  1.42  1.50  1.57  1.94  1.01  1.44  2.01  1.29 
  0.05 -0.35 -1.12 -0.87 -1.18 -0.30 -0.06  0.15  0.84  1.08  1.04  1.20  1.28  1.26  1.36  1.42  0.74  1.26  1.85  1.26 
  0.30  0.13 -0.86 -0.36 -0.76  0.11  0.17  0.38  1.15  1.34  1.20  1.49  1.58  1.67  1.53  1.68  1.05  1.54  2.11  1.59 
  0.57  0.21 -0.59 -0.08 -0.58  0.33  0.09  0.40  1.32  1.42  1.28  1.58  1.48  1.45  1.48  1.65  1.08  1.52  1.95  1.63 
  0.31 -0.14 -0.94 -0.51 -0.88  0.09  0.05  0.19  1.27  1.50  1.26  1.67  1.45  1.62  1.70  1.74  1.18  1.36  1.87  1.43 
  0.75  0.59 -0.32 -0.01 -0.24  0.68  0.32  0.40  1.46  1.57  1.36  1.53  1.48  1.70  1.95  2.14  0.84  0.87  1.48  1.83 
  0.89  0.27 -0.40 -0.11 -0.43  0.49  0.17  0.37  1.65  1.94  1.42  1.68  1.65  1.74  2.14  2.25  1.01  0.89  1.36  1.90 
 -0.44 -0.82 -1.61 -0.98 -1.38 -0.42 -0.82 -0.36  0.75  1.01  0.74  1.05  1.08  1.18  0.84  1.01  0.11  1.00  1.81  0.91 
  0.59  0.04 -0.82 -0.47 -0.87  0.09 -0.25  0.00  1.33  1.44  1.26  1.54  1.52  1.36  0.87  0.89  1.00  1.61  2.57  1.46 
  1.21  0.68 -0.20  0.15 -0.21  0.67  0.47  0.56  1.85  2.01  1.85  2.11  1.95  1.87  1.48  1.36  1.81  2.57  3.04  2.19 
  0.09 -0.29 -1.09 -0.60 -1.04 -0.16 -0.57 -0.03  1.13  1.29  1.26  1.59  1.63  1.43  1.83  1.90  0.91  1.46  2.19  1.41 
